0569295156
0555634843
0562644756
0542426537
0547524988
0558990336
0534453734
0559722923
0565505077
0550856257
0597850061
0500058604
0563100760
0557001262
0562035122
0557583095
0594637977
0542843145
0510538357
0531478209
0555692115
0595904388
0530088193
0547190501
0504235857
0544427971
0546337096
0542221185
0592756464
0561300190
0543005750
0552400165
0560081091
0554475946
0563552019
0547771428
0566219314
0573805626
0544930739
0557754187
0533845209
0509055296
0533496081
0501124633
0573691035
0546001169
0534084012
0572017686
0545233902
0560300484
0530094317
0501350553
0558630337
0534302833
0564605617
0501962834
0566257601
0562687815
0502811085
0567759037
0502393082
0503839980
0565865401
0566796782
0566080209
0538452408
0534526231
0566158486
0543035754
0560435734
0565281290
0555527530
0564800416
0541600472
0503230181
0546407714
0542266360
0555566044
0533025213
0501169295
0532202847
0530515104
0505538293
0557634845
0555196514
0547674066
0565709614
0500961461
0501890277
0505348246
0582860382
0508006243
0556834138
0504502732
0561759734
0533229208
0569336468
0593358618
0565033475
0561941204
0599057302
0558757291
0536115669
0530350494
0538320348
0533025191
0566538353
0553864596
0535314164
0567192004
0595962705
0580791549
0559273810
0566712444
0558044127
0505565730
0552211960
0568691660
0554455670
0501525961
0502219952
0507061209
0532645311
0552650433
0533249408
0501649146
0557022247
0552497364
0550874557
0566714284
0533855792
0506560947
0503611299
0595096626
0566702570
0508999732
0566456415
0568319724
0530464980
0548419767
0554926593
0546073736
0591826381
0500668590
0559382454
0547544763
0569352583
0556662610
0536202911
0576913310
0581802786
0555737210
0507431392
0501081288
0538743042
0538861042
0544253575
0566945350
0548464094
0581494308
0568000176
0507948625
0550430815
0545644598
0563083470
0580752766
0568886013
0590112753
0540933503
0501371392
0561218184
0567216027
0543420117
0502349656
0500694018
0506127259
0546444104
0537871377
0566357312
0558303268
0506526323
0533130226
0546806478
0562481097
0568158511
0581473900
0504613791
0583764223
0548963146
0596168008
0551365512
0568977146
0531089453
0599123820
0594800460
0509349522
0507642161
0504643935
0547014617
